f,alpha,c,U_infinity,delta,SSPL
2000,0.0,0.1016,31.7,0.00150092,133.153
1250,17.4,0.0254,31.7,0.0176631,128.306
6300,4.0,0.2286,55.5,0.0042862,117.154
1250,0.0,0.0508,71.3,0.000740478,128.56
400,3.0,0.3048,39.6,0.00495741,125.472
12500,0.0,0.0254,31.7,0.000439472,128.977
630,3.0,0.3048,39.6,0.00495741,129.292
630,22.2,0.0254,71.3,0.0214178,120.657
1000,15.6,0.1016,71.3,0.0437259,124.438
630,12.3,0.1016,71.3,0.0337792,135.368
8000,15.4,0.0508,71.3,0.0264269,112.675
630,4.0,0.2286,39.6,0.00473801,129.579
5000,5.4,0.1524,39.6,0.00485029,117.037
1250,22.2,0.0254,39.6,0.0229028,126.446
6300,7.3,0.2286,31.7,0.0132672,110.689
5000,17.4,0.0254,31.7,0.0176631,117.996
2000,7.3,0.2286,71.3,0.0104404,122.708
5000,4.2,0.0508,71.3,0.00142788,132.828
1600,0.0,0.1524,71.3,0.0015988,129.667
630,9.9,0.1524,39.6,0.0233328,126.465
1250,4.0,0.2286,55.5,0.0042862,131.264
8000,0.0,0.1524,39.6,0.00193287,120.553
200,15.4,0.0508,71.3,0.0264269,123.595
500,0.0,0.3048,31.7,0.00331266,127.315
500,11.2,0.0508,39.6,0.0150478,131.96
630,1.5,0.3048,39.6,0.00392107,128.311
200,7.3,0.2286,39.6,0.0123481,130.989
2500,0.0,0.1524,39.6,0.00193287,126.863
2500,19.7,0.0508,71.3,0.0341183,118.385
500,7.2,0.1524,71.3,0.00752039,132.043
2500,8.4,0.0508,71.3,0.00529514,134.226
12500,4.0,0.3048,71.3,0.00497773,107.405
2000,9.5,0.0254,55.5,0.0043284,134.052
315,5.4,0.1524,39.6,0.00485029,125.347
630,17.4,0.0254,39.6,0.0172206,124.514
12500,0.0,0.1016,55.5,0.00131983,119.91
1600,0.0,0.1016,31.7,0.00150092,133.553
250,7.3,0.2286,71.3,0.0104404,139.918
400,7.2,0.1524,71.3,0.00752039,130.123
4000,3.3,0.1016,31.7,0.00251435,124.852
6300,0.0,0.1524,39.6,0.00193287,121.313
1250,9.5,0.0254,39.6,0.00449821,130.964
1600,15.4,0.0508,39.6,0.0282593,124.843
500,12.3,0.1016,39.6,0.0408268,122.205
2500,15.4,0.0508,55.5,0.0271925,125.63
1000,9.9,0.1524,55.5,0.0208438,124.665
500,8.9,0.1016,71.3,0.0103088,138.523
500,15.4,0.0508,39.6,0.0282593,125.963
2000,9.9,0.1524,39.6,0.0233328,117.925
1000,3.3,0.1016,39.6,0.00245138,131.971
800,12.3,0.1016,31.7,0.0418756,120.037
1250,3.3,0.1016,55.5,0.002211,132.769
1600,15.4,0.0508,55.5,0.0271925,128.2
630,2.0,0.2286,71.3,0.00293031,127.356
8000,0.0,0.0508,55.5,0.00076193,130.156
6300,15.4,0.0508,39.6,0.0282593,109.663
200,7.3,0.2286,31.7,0.0132672,128.679
1250,7.3,0.2286,71.3,0.0104404,127.358
2500,22.2,0.0254,71.3,0.0214178,126.097
4000,12.3,0.1016,39.6,0.0408268,110.905
10000,2.0,0.2286,71.3,0.00293031,113.086
2000,11.2,0.0508,71.3,0.014072,133.311
1000,5.3,0.2286,39.6,0.00614329,125.581
2500,2.0,0.2286,55.5,0.00313525,123.862
630,12.3,0.1016,55.5,0.0368233,124.244
1600,8.4,0.0508,39.6,0.00566229,130.965
200,12.3,0.1016,31.7,0.0418756,124.987
4000,4.0,0.2286,71.3,0.00400603,121.728
5000,4.8,0.0254,71.3,0.000848633,135.468
5000,1.5,0.3048,71.3,0.00336729,119.632
500,3.0,0.3048,71.3,0.00425727,128.454
1250,0.0,0.3048,31.7,0.00331266,124.355
6300,0.0,0.3048,39.6,0.00310138,116.229
800,2.7,0.1524,71.3,0.00243851,127.394
5000,7.3,0.2286,55.5,0.0111706,113.144
12500,0.0,0.3048,71.3,0.00266337,112.241
4000,8.4,0.0508,39.6,0.00566229,118.955
4000,0.0,0.0508,55.5,0.00076193,134.946
8000,0.0,0.1016,71.3,0.00121072,125.465
3150,0.0,0.1016,31.7,0.00150092,129.973
4000,15.4,0.0508,39.6,0.0282593,118.113
1000,15.4,0.0508,31.7,0.0289853,124.525
6300,5.4,0.1524,39.6,0.00485029,116.677
800,9.5,0.0254,31.7,0.00461377,130.746
500,6.7,0.1016,39.6,0.00578076,130.955
1600,0.0,0.3048,55.5,0.00283081,126.986
2000,15.4,0.0508,31.7,0.0289853,120.835
3150,5.4,0.1524,31.7,0.00525474,118.291
3150,0.0,0.0508,55.5,0.00076193,134.826
6300,9.5,0.0254,31.7,0.00461377,120.726
315,4.0,0.3048,39.6,0.00579636,126.843
1250,17.4,0.0254,55.5,0.0165706,129.301
200,12.3,0.1016,71.3,0.0337792,130.588
3150,2.7,0.1524,39.6,0.00294804,122.919
400,15.6,0.1016,39.6,0.0528487,120.484
500,2.7,0.1524,39.6,0.00294804,121.009
1600,3.3,0.1016,31.7,0.00251435,133.402
2500,9.9,0.1524,55.5,0.0208438,118.365
6300,0.0,0.2286,55.5,0.00229336,118.41
1250,4.0,0.3048,71.3,0.00497773,129.395
6300,0.0,0.0254,39.6,0.000428464,136.826
630,12.6,0.1524,71.3,0.0483159,123.304
1600,0.0,0.1016,39.6,0.00146332,133.261
500,9.9,0.1524,31.7,0.0252785,127.179
2500,3.3,0.1016,55.5,0.002211,132.889
5000,2.0,0.2286,55.5,0.00313525,120.472
2000,2.0,0.2286,71.3,0.00293031,126.896
2000,4.8,0.0254,31.7,0.000930789,130.148
250,12.6,0.1524,39.6,0.0584113,115.89
2500,3.0,0.3048,55.5,0.00452492,122.439
1250,5.4,0.1524,39.6,0.00485029,127.117
1600,12.6,0.1524,39.6,0.0584113,110.78
6300,0.0,0.1524,31.7,0.00209405,119.737
3150,0.0,0.0254,39.6,0.000428464,133.276
12500,0.0,0.1524,55.5,0.00172668,117.093
800,11.2,0.0508,71.3,0.014072,136.031
3150,3.0,0.3048,55.5,0.00452492,120.189
800,0.0,0.0508,55.5,0.00076193,124.336
800,12.7,0.0254,71.3,0.0121808,130.348
10000,7.2,0.1524,71.3,0.00752039,110.313
3150,5.4,0.1524,71.3,0.00401199,123.311
8000,0.0,0.1524,55.5,0.00172668,121.903
1000,4.0,0.2286,71.3,0.00400603,131.708
1250,3.3,0.1016,71.3,0.00202822,132.304
5000,0.0,0.0508,31.7,0.000812164,133.23
1000,0.0,0.1524,31.7,0.00209405,130.987
3150,9.9,0.1524,31.7,0.0252785,112.209
8000,0.0,0.1016,31.7,0.00150092,120.193
630,12.3,0.1016,39.6,0.0408268,121.315
800,15.4,0.0508,71.3,0.0264269,131.515
4000,5.4,0.1524,71.3,0.00401199,121.431
200,9.5,0.0254,31.7,0.00461377,119.146
500,6.7,0.1016,31.7,0.00592927,130.206
800,5.4,0.1524,71.3,0.00401199,131.281
4000,9.9,0.1524,31.7,0.0252785,111.459
250,11.2,0.0508,71.3,0.014072,127.101
200,12.6,0.1524,39.6,0.0584113,114.75
500,4.0,0.2286,31.7,0.00509068,128.939
6300,9.9,0.1524,31.7,0.0252785,108.689
800,5.3,0.2286,39.6,0.00614329,129.491
2000,6.7,0.1016,71.3,0.00478288,134.568
1250,15.6,0.1016,71.3,0.0437259,123.178
1600,8.9,0.1016,39.6,0.0124596,123.82
1000,22.2,0.0254,71.3,0.0214178,134.247
4000,5.3,0.2286,71.3,0.0051942,120.33
3150,7.2,0.1524,71.3,0.00752039,116.783
5000,7.3,0.2286,71.3,0.0104404,115.298
400,7.3,0.2286,55.5,0.0111706,135.924
630,0.0,0.2286,55.5,0.00229336,126.16
5000,1.5,0.3048,39.6,0.00392107,116.241
4000,22.2,0.0254,39.6,0.0229028,119.646
2000,4.8,0.0254,55.5,0.000873218,125.054
3150,2.0,0.2286,39.6,0.00346574,121.627
630,5.3,0.2286,39.6,0.00614329,132.011
2000,2.0,0.2286,55.5,0.00313525,124.612
200,9.5,0.0254,39.6,0.00449821,116.074
5000,9.9,0.1524,71.3,0.0193001,114.569
12500,4.0,0.2286,71.3,0.00400603,114.258
250,4.0,0.2286,31.7,0.00509068,120.189
400,11.2,0.0508,39.6,0.0150478,130.67
8000,3.0,0.3048,39.6,0.00495741,110.652
2000,8.9,0.1016,39.6,0.0124596,119.04
2000,0.0,0.3048,31.7,0.00331266,122.375
1000,11.2,0.0508,39.6,0.0150478,132.43
500,19.7,0.0508,71.3,0.0341183,126.995
6300,2.0,0.2286,55.5,0.00313525,118.712
6300,4.8,0.0254,31.7,0.000930789,132.898
800,19.7,0.0508,39.6,0.036484,119.174
8000,2.7,0.1524,71.3,0.00243851,120.534
2000,8.4,0.0508,39.6,0.00566229,129.965
3150,0.0,0.1524,55.5,0.00172668,127.753
1250,9.5,0.0254,71.3,0.00420654,131.656
1000,12.6,0.1524,71.3,0.0483159,122.044
5000,2.0,0.2286,71.3,0.00293031,122.816
315,11.2,0.0508,71.3,0.014072,128.381
1600,12.3,0.1016,71.3,0.0337792,124.748
2000,4.0,0.2286,39.6,0.00473801,121.659
4000,4.0,0.2286,55.5,0.0042862,120.654
4000,0.0,0.2286,55.5,0.00229336,123.41
315,12.3,0.1016,71.3,0.0337792,137.068
8000,4.8,0.0254,71.3,0.000848633,131.518
1600,7.3,0.2286,31.7,0.0132672,119.039
800,7.3,0.2286,39.6,0.0123481,126.299
630,15.4,0.0508,71.3,0.0264269,129.645
200,19.7,0.0508,71.3,0.0341183,118.005
1000,3.0,0.3048,55.5,0.00452492,129.329
1250,4.2,0.0508,39.6,0.00152689,128.427
200,19.7,0.0508,39.6,0.036484,125.974
315,22.2,0.0254,39.6,0.0229028,120.716
5000,2.0,0.2286,31.7,0.00372371,118.267
315,7.3,0.2286,71.3,0.0104404,139.808
1250,7.2,0.1524,71.3,0.00752039,132.513
800,0.0,0.3048,55.5,0.00283081,128.086
10000,4.0,0.2286,71.3,0.00400603,113.108
1600,15.4,0.0508,31.7,0.0289853,121.485
2500,0.0,0.0508,55.5,0.00076193,133.956
2000,19.7,0.0508,39.6,0.036484,117.724
315,5.3,0.2286,39.6,0.00614329,129.691
1000,0.0,0.3048,39.6,0.00310138,127.899
630,8.4,0.0508,55.5,0.00544854,126.152
4000,0.0,0.0254,39.6,0.000428464,135.346
10000,2.7,0.1524,71.3,0.00243851,116.724
1250,4.0,0.2286,39.6,0.00473801,128.339
315,17.4,0.0254,39.6,0.0172206,115.144
250,9.9,0.1524,55.5,0.0208438,133.235
200,15.4,0.0508,31.7,0.0289853,119.975
630,15.4,0.0508,39.6,0.0282593,127.443
500,15.6,0.1016,71.3,0.0437259,130.638
1000,0.0,0.1524,55.5,0.00172668,128.583
2000,5.4,0.1524,55.5,0.00433288,128.707
3150,0.0,0.3048,39.6,0.00310138,120.319
500,15.6,0.1016,39.6,0.0528487,115.304
800,0.0,0.3048,31.7,0.00331266,129.235
4000,0.0,0.0254,31.7,0.000439472,137.047
4000,0.0,0.3048,31.7,0.00331266,118.145
1000,12.3,0.1016,39.6,0.0408268,122.435
20000,4.8,0.0254,71.3,0.000848633,119.708
800,9.9,0.1524,71.3,0.0193001,128.879
8000,4.0,0.2286,55.5,0.0042862,112.524
2500,0.0,0.1524,71.3,0.0015988,128.127
5000,15.4,0.0508,39.6,0.0282593,114.453
1600,5.4,0.1524,71.3,0.00401199,133.241
2000,2.0,0.2286,39.6,0.00346574,122.797
315,12.6,0.1524,39.6,0.0584113,116.02
10000,3.3,0.1016,39.6,0.00245138,115.321
2500,3.0,0.3048,71.3,0.00425727,124.024
2000,22.2,0.0254,39.6,0.0229028,121.256
5000,17.4,0.0254,39.6,0.0172206,119.854
2000,15.4,0.0508,39.6,0.0282593,123.443
500,9.5,0.0254,31.7,0.00461377,126.886
2500,0.0,0.1016,39.6,0.00146332,132.611
8000,7.2,0.1524,39.6,0.00909175,111.588
2500,15.4,0.0508,71.3,0.0264269,127.625
400,5.4,0.1524,39.6,0.00485029,127.637
6300,9.5,0.0254,55.5,0.0043284,124.222
2000,0.0,0.1016,71.3,0.00121072,132.095
2500,9.5,0.0254,55.5,0.0043284,134.152
1000,17.4,0.0254,55.5,0.0165706,126.001
1000,19.7,0.0508,71.3,0.0341183,121.885
800,3.0,0.3048,71.3,0.00425727,129.494
1000,6.7,0.1016,39.6,0.00578076,134.515
5000,9.9,0.1524,31.7,0.0252785,109.949
1000,3.0,0.3048,31.7,0.00529514,126.838
3150,12.6,0.1524,39.6,0.0584113,106.26
6300,4.8,0.0254,71.3,0.000848633,134.498
2500,9.9,0.1524,39.6,0.0233328,116.295
1600,11.2,0.0508,39.6,0.0150478,126.54
1250,0.0,0.2286,39.6,0.00253511,129.395
2500,9.5,0.0254,39.6,0.00449821,131.234
500,9.9,0.1524,71.3,0.0193001,131.279
3150,0.0,0.1524,31.7,0.00209405,124.207
400,15.6,0.1016,71.3,0.0437259,134.058
2000,9.9,0.1524,31.7,0.0252785,116.859
1250,9.5,0.0254,31.7,0.00461377,131.446
630,19.7,0.0508,39.6,0.036484,120.324
12500,2.7,0.1524,39.6,0.00294804,108.649
250,11.2,0.0508,39.6,0.0150478,126.43
2000,17.4,0.0254,31.7,0.0176631,124.356
2000,11.2,0.0508,39.6,0.0150478,124.42
630,17.4,0.0254,71.3,0.016104,122.606
1250,12.3,0.1016,39.6,0.0408268,121.165
4000,0.0,0.2286,39.6,0.00253511,123.465
1250,3.0,0.3048,55.5,0.00452492,127.329
630,5.4,0.1524,71.3,0.00401199,128.971
5000,0.0,0.0254,71.3,0.000400682,136.837
1250,5.4,0.1524,55.5,0.00433288,130.777
3150,0.0,0.0508,39.6,0.000791822,135.938
6300,7.2,0.1524,71.3,0.00752039,116.603
1600,12.6,0.1524,71.3,0.0483159,120.534
2500,11.2,0.0508,71.3,0.014072,130.541
1000,12.3,0.1016,71.3,0.0337792,127.928
8000,4.0,0.2286,39.6,0.00473801,113.129
4000,12.6,0.1524,39.6,0.0584113,104.5
3150,12.7,0.0254,71.3,0.0121808,133.758
315,3.0,0.3048,39.6,0.00495741,123.312
315,15.4,0.0508,39.6,0.0282593,124.493
5000,3.3,0.1016,31.7,0.00251435,122.082
16000,2.7,0.1524,71.3,0.00243851,110.364
12500,0.0,0.1016,71.3,0.00121072,119.375
1250,6.7,0.1016,31.7,0.00592927,129.256
1600,0.0,0.1524,55.5,0.00172668,130.183
6300,3.0,0.3048,31.7,0.00529514,109.718
400,8.4,0.0508,55.5,0.00544854,121.582
630,7.2,0.1524,71.3,0.00752039,134.853
1600,9.9,0.1524,55.5,0.0208438,119.875
800,0.0,0.0508,39.6,0.000791822,126.508
500,5.4,0.1524,71.3,0.00401199,126.291
800,7.3,0.2286,55.5,0.0111706,128.444
2500,4.0,0.3048,71.3,0.00497773,123.775
315,1.5,0.3048,39.6,0.00392107,121.851
400,2.0,0.2286,39.6,0.00346574,122.147
400,8.4,0.0508,39.6,0.00566229,120.015
1000,0.0,0.3048,31.7,0.00331266,127.365
3150,22.2,0.0254,39.6,0.0229028,120.856
1600,17.4,0.0254,55.5,0.0165706,126.471
2000,3.0,0.3048,31.7,0.00529514,120.088
1000,0.0,0.1524,39.6,0.00193287,130.033
2500,0.0,0.3048,31.7,0.00331266,120.755
630,7.3,0.2286,39.6,0.0123481,128.929
1250,5.3,0.2286,71.3,0.0051942,133.38
630,4.0,0.2286,55.5,0.0042862,129.964
