f,alpha,c,U_infinity,delta,SSPL
3150,15.6,0.1016,71.3,0.0437259,116.468
2500,1.5,0.3048,71.3,0.00336729,124.512
500,17.4,0.0254,31.7,0.0176631,127.676
2500,0.0,0.0508,39.6,0.000791822,134.938
500,4.0,0.2286,55.5,0.0042862,127.314
630,4.0,0.2286,71.3,0.00400603,129.038
5000,5.3,0.2286,39.6,0.00614329,115.311
250,8.9,0.1016,71.3,0.0103088,134.533
3150,3.0,0.3048,39.6,0.00495741,118.922
8000,3.0,0.3048,71.3,0.00425727,114.634
500,0.0,0.3048,55.5,0.00283081,126.416
5000,7.2,0.1524,71.3,0.00752039,118.343
4000,17.4,0.0254,71.3,0.016104,125.586
1600,3.0,0.3048,71.3,0.00425727,126.514
400,4.0,0.2286,55.5,0.0042862,123.274
1250,0.0,0.2286,55.5,0.00229336,127.91
250,7.3,0.2286,39.6,0.0123481,131.889
2000,0.0,0.1016,55.5,0.00131983,132.54
500,9.9,0.1524,39.6,0.0233328,126.835
6300,4.0,0.2286,31.7,0.00509068,112.699
5000,2.0,0.2286,39.6,0.00346574,118.827
250,12.6,0.1524,71.3,0.0483159,129.744
400,12.3,0.1016,71.3,0.0337792,139.428
4000,4.8,0.0254,31.7,0.000930789,135.328
5000,9.9,0.1524,55.5,0.0208438,112.065
1250,7.3,0.2286,31.7,0.0132672,120.509
2000,6.7,0.1016,31.7,0.00592927,120.446
2000,12.3,0.1016,71.3,0.0337792,122.218
400,9.9,0.1524,55.5,0.0208438,131.605
6300,15.6,0.1016,39.6,0.0528487,104.204
2000,12.3,0.1016,55.5,0.0368233,118.564
1250,9.9,0.1524,39.6,0.0233328,120.555
1000,0.0,0.0508,55.5,0.00076193,125.586
630,4.8,0.0254,39.6,0.000907475,118.696
1000,4.8,0.0254,39.6,0.000907475,122.956
1250,0.0,0.1524,55.5,0.00172668,129.953
2000,12.7,0.0254,71.3,0.0121808,134.228
2000,5.4,0.1524,31.7,0.00525474,122.771
630,0.0,0.1016,55.5,0.00131983,126.17
800,3.0,0.3048,55.5,0.00452492,129.949
2500,12.3,0.1016,55.5,0.0368233,117.054
1250,2.7,0.1524,39.6,0.00294804,130.829
800,0.0,0.3048,39.6,0.00310138,129.099
315,9.9,0.1524,55.5,0.0208438,132.355
4000,0.0,0.0254,71.3,0.000400682,138.557
6300,12.3,0.1016,55.5,0.0368233,110.124
500,2.0,0.2286,71.3,0.00293031,126.486
2500,2.0,0.2286,39.6,0.00346574,121.397
5000,12.3,0.1016,31.7,0.0418756,107.147
500,2.0,0.2286,31.7,0.00372371,126.677
2500,2.0,0.2286,71.3,0.00293031,127.006
630,5.4,0.1524,31.7,0.00525474,131.471
1600,5.3,0.2286,71.3,0.0051942,130.46
4000,15.4,0.0508,31.7,0.0289853,115.635
6300,2.0,0.2286,71.3,0.00293031,120.786
1000,6.7,0.1016,71.3,0.00478288,136.758
5000,17.4,0.0254,71.3,0.016104,123.126
3150,3.0,0.3048,71.3,0.00425727,121.514
4000,7.3,0.2286,71.3,0.0104404,119.208
6300,5.4,0.1524,71.3,0.00401199,116.411
4000,3.3,0.1016,55.5,0.002211,127.229
2000,7.3,0.2286,55.5,0.0111706,120.354
16000,0.0,0.1524,71.3,0.0015988,113.297
5000,4.0,0.2286,71.3,0.00400603,121.118
2500,0.0,0.3048,55.5,0.00283081,124.106
1250,19.7,0.0508,71.3,0.0341183,121.485
315,2.0,0.2286,31.7,0.00372371,120.147
500,4.0,0.3048,71.3,0.00497773,130.715
10000,0.0,0.0508,55.5,0.00076193,127.636
400,6.7,0.1016,31.7,0.00592927,128.296
5000,0.0,0.1016,31.7,0.00150092,124.393
6300,4.8,0.0254,39.6,0.000907475,134.336
250,9.9,0.1524,71.3,0.0193001,135.329
5000,2.7,0.1524,71.3,0.00243851,124.364
2000,17.4,0.0254,55.5,0.0165706,125.261
5000,4.8,0.0254,31.7,0.000930789,135.248
3150,4.0,0.2286,55.5,0.0042862,122.394
250,15.4,0.0508,39.6,0.0282593,122.893
5000,4.0,0.2286,55.5,0.0042862,120.034
1000,0.0,0.2286,55.5,0.00229336,128.29
250,19.7,0.0508,39.6,0.036484,127.224
5000,3.0,0.3048,39.6,0.00495741,115.792
630,15.4,0.0508,31.7,0.0289853,124.685
1250,0.0,0.1016,55.5,0.00131983,131.43
1600,0.0,0.2286,71.3,0.00214345,129.134
315,7.3,0.2286,31.7,0.0132672,130.239
2500,4.0,0.2286,71.3,0.00400603,124.338
250,22.2,0.0254,39.6,0.0229028,117.386
400,12.6,0.1524,71.3,0.0483159,127.094
500,0.0,0.3048,39.6,0.00310138,126.959
5000,9.5,0.0254,31.7,0.00461377,124.426
1250,3.0,0.3048,31.7,0.00529514,124.838
6300,15.4,0.0508,55.5,0.0271925,112.93
6300,7.3,0.2286,55.5,0.0111706,111.534
3150,4.2,0.0508,71.3,0.00142788,133.728
1000,1.5,0.3048,71.3,0.00336729,125.992
3150,0.0,0.1524,71.3,0.0015988,129.377
4000,8.9,0.1016,71.3,0.0103088,120.243
1000,15.4,0.0508,71.3,0.0264269,131.865
1250,2.7,0.1524,71.3,0.00243851,130.144
3150,12.6,0.1524,71.3,0.0483159,113.334
2500,4.8,0.0254,55.5,0.000873218,129.144
6300,0.0,0.2286,71.3,0.00214345,122.044
1600,9.9,0.1524,39.6,0.0233328,118.545
6300,1.5,0.3048,39.6,0.00392107,114.751
630,0.0,0.3048,31.7,0.00331266,129.095
1600,7.3,0.2286,55.5,0.0111706,123.354
315,3.0,0.3048,31.7,0.00529514,123.118
4000,0.0,0.0508,31.7,0.000812164,134.11
2500,15.4,0.0508,39.6,0.0282593,122.413
800,19.7,0.0508,71.3,0.0341183,124.555
5000,12.3,0.1016,39.6,0.0408268,108.625
315,7.2,0.1524,39.6,0.00909175,130.558
4000,8.4,0.0508,71.3,0.00529514,126.926
2000,0.0,0.0508,71.3,0.000740478,131.06
5000,12.3,0.1016,71.3,0.0337792,116.108
315,7.2,0.1524,71.3,0.00752039,128.713
800,0.0,0.1524,39.6,0.00193287,127.903
500,0.0,0.1524,31.7,0.00209405,121.617
1000,4.0,0.3048,39.6,0.00579636,128.723
800,9.5,0.0254,39.6,0.00449821,129.014
250,9.5,0.0254,31.7,0.00461377,120.136
500,4.0,0.2286,71.3,0.00400603,126.758
250,15.4,0.0508,55.5,0.0271925,124.17
6300,12.6,0.1524,71.3,0.0483159,107.284
315,7.3,0.2286,39.6,0.0123481,132.149
1600,5.4,0.1524,31.7,0.00525474,123.761
16000,0.0,0.3048,71.3,0.00266337,108.721
10000,4.0,0.3048,71.3,0.00497773,110.905
1600,1.5,0.3048,71.3,0.00336729,126.632
2500,12.3,0.1016,71.3,0.0337792,121.318
6300,9.9,0.1524,71.3,0.0193001,112.039
400,8.9,0.1016,71.3,0.0103088,138.123
2500,0.0,0.0254,71.3,0.000400682,133.707
1250,0.0,0.3048,55.5,0.00283081,126.086
5000,0.0,0.0254,31.7,0.000439472,138.607
2500,17.4,0.0254,39.6,0.0172206,124.154
6300,2.0,0.2286,31.7,0.00372371,115.137
1250,4.8,0.0254,31.7,0.000930789,127.408
6300,15.4,0.0508,71.3,0.0264269,115.215
4000,5.4,0.1524,39.6,0.00485029,117.137
3150,0.0,0.3048,71.3,0.00266337,125.201
6300,5.3,0.2286,39.6,0.00614329,112.541
3150,7.3,0.2286,31.7,0.0132672,113.229
800,2.0,0.2286,39.6,0.00346574,129.037
1000,5.4,0.1524,71.3,0.00401199,133.201
1600,4.0,0.2286,39.6,0.00473801,125.319
1600,19.7,0.0508,71.3,0.0341183,120.575
1250,5.4,0.1524,31.7,0.00525474,123.991
4000,3.0,0.3048,55.5,0.00452492,118.689
2500,2.7,0.1524,39.6,0.00294804,125.589
1000,5.4,0.1524,55.5,0.00433288,132.127
8000,0.0,0.0508,39.6,0.000791822,128.518
1600,17.4,0.0254,39.6,0.0172206,127.614
630,5.3,0.2286,71.3,0.0051942,131.8
200,9.9,0.1524,55.5,0.0208438,131.955
1250,4.0,0.2286,31.7,0.00509068,128.119
1250,9.9,0.1524,55.5,0.0208438,121.635
630,8.9,0.1016,39.6,0.0124596,131.92
400,15.4,0.0508,55.5,0.0271925,126.5
8000,4.0,0.2286,71.3,0.00400603,112.848
6300,0.0,0.0254,31.7,0.000439472,138.537
1000,12.3,0.1016,31.7,0.0418756,119.777
1000,0.0,0.0508,71.3,0.000740478,129.45
400,9.9,0.1524,71.3,0.0193001,135.079
2000,0.0,0.3048,55.5,0.00283081,126.616
3150,0.0,0.2286,31.7,0.0027238,123.445
1000,22.2,0.0254,39.6,0.0229028,128.416
3150,1.5,0.3048,39.6,0.00392107,119.111
1600,2.7,0.1524,39.6,0.00294804,130.049
800,17.4,0.0254,31.7,0.0176631,139.226
1600,12.7,0.0254,71.3,0.0121808,134.528
6300,0.0,0.1524,55.5,0.00172668,123.303
630,17.4,0.0254,55.5,0.0165706,122.411
3150,0.0,0.1016,39.6,0.00146332,130.961
1250,15.4,0.0508,55.5,0.0271925,130.0
3150,7.3,0.2286,39.6,0.0123481,114.309
2500,5.3,0.2286,71.3,0.0051942,123.74
800,4.0,0.2286,39.6,0.00473801,130.469
800,5.4,0.1524,55.5,0.00433288,133.097
6300,3.0,0.3048,71.3,0.00425727,116.134
3150,17.4,0.0254,71.3,0.016104,126.536
2000,4.0,0.2286,31.7,0.00509068,122.089
1250,6.7,0.1016,39.6,0.00578076,132.395
2500,17.4,0.0254,31.7,0.0176631,124.166
1600,12.3,0.1016,39.6,0.0408268,117.875
4000,4.2,0.0508,71.3,0.00142788,133.598
3150,2.0,0.2286,55.5,0.00313525,123.742
2500,6.7,0.1016,71.3,0.00478288,131.458
10000,4.8,0.0254,55.5,0.000873218,126.944
4000,0.0,0.3048,71.3,0.00266337,123.061
1000,9.5,0.0254,31.7,0.00461377,131.346
5000,0.0,0.1016,39.6,0.00146332,126.021
2500,7.2,0.1524,71.3,0.00752039,124.353
1250,7.3,0.2286,55.5,0.0111706,125.724
5000,2.7,0.1524,39.6,0.00294804,121.499
16000,0.0,0.0254,31.7,0.000439472,125.627
630,0.0,0.1016,71.3,0.00121072,124.155
630,3.0,0.3048,31.7,0.00529514,128.698
2000,0.0,0.1016,39.6,0.00146332,133.251
2500,17.4,0.0254,55.5,0.0165706,124.931
1000,4.8,0.0254,31.7,0.000930789,125.348
2000,4.0,0.3048,71.3,0.00497773,124.395
630,9.9,0.1524,55.5,0.0208438,127.315
1250,15.4,0.0508,31.7,0.0289853,123.255
630,2.0,0.2286,39.6,0.00346574,127.417
5000,8.4,0.0508,71.3,0.00529514,121.146
5000,0.0,0.3048,31.7,0.00331266,115.645
400,3.0,0.3048,31.7,0.00529514,125.398
2500,8.9,0.1016,39.6,0.0124596,119.19
500,12.6,0.1524,39.6,0.0584113,114.9
800,3.3,0.1016,31.7,0.00251435,131.362
1250,12.3,0.1016,71.3,0.0337792,126.648
10000,3.0,0.3048,71.3,0.00425727,110.224
800,9.5,0.0254,71.3,0.00420654,127.206
1000,12.3,0.1016,55.5,0.0368233,125.484
8000,3.3,0.1016,71.3,0.00202822,121.234
5000,0.0,0.2286,55.5,0.00229336,122.41
400,22.2,0.0254,39.6,0.0229028,123.416
250,12.3,0.1016,31.7,0.0418756,125.857
4000,2.0,0.2286,31.7,0.00372371,120.527
500,8.9,0.1016,39.6,0.0124596,133.79
800,0.0,0.1016,55.5,0.00131983,127.92
1600,0.0,0.0508,71.3,0.000740478,129.68
3150,2.0,0.2286,31.7,0.00372371,121.527
3150,9.9,0.1524,39.6,0.0233328,113.525
6300,4.2,0.0508,39.6,0.00152689,125.717
1000,3.3,0.1016,31.7,0.00251435,133.012
630,15.6,0.1016,39.6,0.0528487,118.084
2500,0.0,0.2286,31.7,0.0027238,123.445
630,6.7,0.1016,71.3,0.00478288,131.448
630,3.3,0.1016,31.7,0.00251435,128.952
5000,15.4,0.0508,55.5,0.0271925,117.11
10000,4.2,0.0508,39.6,0.00152689,116.967
2000,4.0,0.3048,39.6,0.00579636,120.963
500,7.3,0.2286,55.5,0.0111706,133.174
2000,8.4,0.0508,31.7,0.00580776,127.686
315,9.5,0.0254,39.6,0.00449821,119.294
500,12.7,0.0254,71.3,0.0121808,126.898
5000,5.4,0.1524,31.7,0.00525474,115.691
400,2.0,0.2286,55.5,0.00313525,122.292
10000,0.0,0.0508,71.3,0.000740478,128.74
800,9.9,0.1524,55.5,0.0208438,126.565
4000,11.2,0.0508,39.6,0.0150478,115.52
3150,9.5,0.0254,55.5,0.0043284,133.252
200,15.6,0.1016,39.6,0.0528487,123.514
6300,1.5,0.3048,71.3,0.00336729,118.122
5000,15.4,0.0508,71.3,0.0264269,119.135
1000,1.5,0.3048,39.6,0.00392107,127.581
6300,12.3,0.1016,71.3,0.0337792,113.958
1600,5.4,0.1524,39.6,0.00485029,126.267
5000,7.3,0.2286,31.7,0.0132672,111.029
250,12.7,0.0254,39.6,0.0130253,121.547
400,2.0,0.2286,31.7,0.00372371,123.417
8000,4.2,0.0508,71.3,0.00142788,125.268
10000,0.0,0.1016,39.6,0.00146332,119.561
800,5.4,0.1524,31.7,0.00525474,131.491
6300,0.0,0.1016,55.5,0.00131983,127.73
2500,9.9,0.1524,71.3,0.0193001,119.639
400,9.5,0.0254,31.7,0.00461377,124.756
400,9.5,0.0254,55.5,0.0043284,120.952
6300,22.2,0.0254,71.3,0.0214178,123.127
1000,15.6,0.1016,39.6,0.0528487,119.224
630,3.3,0.1016,55.5,0.002211,126.599
6300,4.0,0.2286,39.6,0.00473801,114.249
500,8.4,0.0508,39.6,0.00566229,122.905
2000,3.0,0.3048,55.5,0.00452492,123.069
630,5.4,0.1524,39.6,0.00485029,132.357
630,9.5,0.0254,55.5,0.0043284,125.452
315,9.9,0.1524,71.3,0.0193001,135.459
2500,15.6,0.1016,71.3,0.0437259,118.998
6300,0.0,0.0508,39.6,0.000791822,131.918
250,12.3,0.1016,55.5,0.0368233,133.294
1000,19.7,0.0508,39.6,0.036484,118.904
3150,4.0,0.2286,31.7,0.00509068,120.229
2000,4.2,0.0508,39.6,0.00152689,132.587
500,17.4,0.0254,71.3,0.016104,119.806
6300,12.7,0.0254,39.6,0.0130253,123.177
1600,4.8,0.0254,55.5,0.000873218,121.474
3150,7.3,0.2286,71.3,0.0104404,120.458
3150,0.0,0.2286,55.5,0.00229336,125.16
800,0.0,0.3048,71.3,0.00266337,126.201
1600,4.2,0.0508,39.6,0.00152689,130.197
3150,5.4,0.1524,55.5,0.00433288,121.587
630,9.5,0.0254,39.6,0.00449821,126.514
315,17.4,0.0254,71.3,0.016104,115.846
1000,0.0,0.3048,71.3,0.00266337,125.201
2500,4.2,0.0508,71.3,0.00142788,131.978
2000,0.0,0.3048,71.3,0.00266337,127.461
500,19.7,0.0508,39.6,0.036484,128.444
8000,3.3,0.1016,55.5,0.002211,120.569
250,12.3,0.1016,39.6,0.0408268,129.675
1000,17.4,0.0254,31.7,0.0176631,131.796
500,9.9,0.1524,55.5,0.0208438,127.815
2000,0.0,0.2286,31.7,0.0027238,123.455
2000,2.7,0.1524,39.6,0.00294804,128.139
800,0.0,0.2286,55.5,0.00229336,127.53
8000,0.0,0.3048,39.6,0.00310138,114.779
315,22.2,0.0254,71.3,0.0214178,115.857
3150,9.9,0.1524,71.3,0.0193001,116.849
630,0.0,0.3048,39.6,0.00310138,128.629
500,12.7,0.0254,39.6,0.0130253,127.127
2500,8.4,0.0508,55.5,0.00544854,131.542
630,4.8,0.0254,31.7,0.000930789,120.078
10000,3.3,0.1016,55.5,0.002211,115.659
4000,0.0,0.2286,31.7,0.0027238,122.035
6300,8.9,0.1016,71.3,0.0103088,117.253
400,8.9,0.1016,39.6,0.0124596,135.54
200,7.3,0.2286,71.3,0.0104404,138.758
5000,8.9,0.1016,71.3,0.0103088,116.723
2500,12.3,0.1016,39.6,0.0408268,113.315
4000,0.0,0.3048,55.5,0.00283081,121.106
200,8.9,0.1016,39.6,0.0124596,133.42
630,3.0,0.3048,55.5,0.00452492,129.569
6300,3.3,0.1016,39.6,0.00245138,120.851
1600,4.0,0.2286,31.7,0.00509068,125.229
1600,19.7,0.0508,39.6,0.036484,117.604
1250,0.0,0.0508,31.7,0.000812164,129.27
1600,2.0,0.2286,31.7,0.00372371,125.797
2000,6.7,0.1016,39.6,0.00578076,122.235
1600,5.4,0.1524,55.5,0.00433288,130.567
1250,11.2,0.0508,71.3,0.014072,136.191
315,6.7,0.1016,31.7,0.00592927,126.266
4000,7.2,0.1524,39.6,0.00909175,114.258
12500,2.7,0.1524,71.3,0.00243851,113.034
2000,17.4,0.0254,39.6,0.0172206,126.644
6300,2.7,0.1524,71.3,0.00243851,121.944
2500,0.0,0.3048,39.6,0.00310138,121.399
400,0.0,0.3048,39.6,0.00310138,124.809
6300,12.3,0.1016,39.6,0.0408268,107.985
5000,3.3,0.1016,39.6,0.00245138,122.371
3150,11.2,0.0508,39.6,0.0150478,119.67
1000,4.0,0.2286,55.5,0.0042862,132.134
400,5.4,0.1524,55.5,0.00433288,126.807
8000,0.0,0.3048,71.3,0.00266337,117.151
3150,7.2,0.1524,39.6,0.00909175,111.818
3150,12.3,0.1016,71.3,0.0337792,120.798
1250,0.0,0.1016,71.3,0.00121072,130.335
1250,0.0,0.1016,31.7,0.00150092,133.063
5000,4.8,0.0254,39.6,0.000907475,135.426
8000,1.5,0.3048,39.6,0.00392107,112.251
4000,15.4,0.0508,55.5,0.0271925,120.92
3150,0.0,0.3048,55.5,0.00283081,123.236
630,11.2,0.0508,39.6,0.0150478,133.13
1000,15.4,0.0508,39.6,0.0282593,127.893
10000,0.0,0.2286,71.3,0.00214345,118.134
400,0.0,0.2286,55.5,0.00229336,121.66
5000,5.3,0.2286,71.3,0.0051942,118.05
250,4.0,0.3048,71.3,0.00497773,126.395
630,3.3,0.1016,39.6,0.00245138,127.251
250,15.6,0.1016,71.3,0.0437259,132.158
2000,15.6,0.1016,71.3,0.0437259,119.888
630,7.3,0.2286,31.7,0.0132672,126.189
1250,15.4,0.0508,39.6,0.0282593,126.743
3150,3.3,0.1016,39.6,0.00245138,128.401
2000,12.3,0.1016,39.6,0.0408268,114.085
4000,15.6,0.1016,71.3,0.0437259,113.298
6300,12.3,0.1016,31.7,0.0418756,107.267
250,15.4,0.0508,71.3,0.0264269,124.835
1000,7.2,0.1524,39.6,0.00909175,128.338
2000,15.4,0.0508,71.3,0.0264269,129.285
400,7.3,0.2286,31.7,0.0132672,130.269
630,9.9,0.1524,31.7,0.0252785,126.049
315,9.9,0.1524,31.7,0.0252785,128.809
1250,5.4,0.1524,71.3,0.00401199,134.111
1250,8.9,0.1016,71.3,0.0103088,132.793
3150,2.0,0.2286,71.3,0.00293031,126.116
200,12.6,0.1524,71.3,0.0483159,128.354
800,8.4,0.0508,31.7,0.00580776,128.246
1000,7.3,0.2286,31.7,0.0132672,119.099
2500,0.0,0.0508,71.3,0.000740478,131.31
800,4.0,0.2286,31.7,0.00509068,130.869
2000,7.3,0.2286,31.7,0.0132672,115.309
800,7.2,0.1524,71.3,0.00752039,136.023
8000,4.8,0.0254,31.7,0.000930789,127.008
1600,0.0,0.0508,55.5,0.00076193,128.576
2000,0.0,0.0254,31.7,0.000439472,130.697
1600,7.2,0.1524,71.3,0.00752039,130.893
8000,0.0,0.1524,31.7,0.00209405,117.957
3150,12.3,0.1016,31.7,0.0418756,110.307
5000,4.0,0.2286,31.7,0.00509068,115.969
6300,0.0,0.0508,55.5,0.00076193,132.796
3150,4.0,0.2286,39.6,0.00473801,120.419
4000,0.0,0.1524,39.6,0.00193287,125.343
2500,4.0,0.3048,39.6,0.00579636,120.233
4000,7.2,0.1524,71.3,0.00752039,119.343
315,0.0,0.2286,31.7,0.0027238,120.595
250,15.6,0.1016,39.6,0.0528487,124.644
2000,3.3,0.1016,31.7,0.00251435,131.642
3150,9.9,0.1524,55.5,0.0208438,115.085
2500,3.3,0.1016,31.7,0.00251435,130.392
12500,1.5,0.3048,71.3,0.00336729,109.222
6300,4.2,0.0508,71.3,0.00142788,129.308
250,7.3,0.2286,31.7,0.0132672,130.089
6300,3.3,0.1016,55.5,0.002211,123.839
8000,3.3,0.1016,39.6,0.00245138,118.091
2500,0.0,0.0254,39.6,0.000428464,131.836
630,8.4,0.0508,31.7,0.00580776,125.856
800,3.0,0.3048,31.7,0.00529514,128.708
2000,8.4,0.0508,71.3,0.00529514,134.476
315,4.0,0.2286,31.7,0.00509068,123.609
1000,12.7,0.0254,71.3,0.0121808,131.698
4000,2.7,0.1524,71.3,0.00243851,126.534
1600,9.5,0.0254,39.6,0.00449821,131.184
200,11.2,0.0508,39.6,0.0150478,125.01
2500,4.8,0.0254,31.7,0.000930789,132.588
630,0.0,0.2286,39.6,0.00253511,128.705
630,6.7,0.1016,39.6,0.00578076,133.355
2000,0.0,0.1524,31.7,0.00209405,128.907
1600,4.8,0.0254,31.7,0.000930789,128.718
2000,22.2,0.0254,71.3,0.0214178,127.197
10000,1.5,0.3048,39.6,0.00392107,108.991
2500,19.7,0.0508,39.6,0.036484,116.184
4000,8.4,0.0508,31.7,0.00580776,118.106
4000,17.4,0.0254,39.6,0.0172206,122.724
8000,4.2,0.0508,39.6,0.00152689,120.397
800,2.0,0.2286,55.5,0.00313525,128.492
200,12.3,0.1016,39.6,0.0408268,128.545
800,0.0,0.0508,31.7,0.000812164,122.79
2000,0.0,0.0254,39.6,0.000428464,130.026
1000,8.4,0.0508,71.3,0.00529514,129.946
1250,12.6,0.1524,71.3,0.0483159,120.154
1250,15.4,0.0508,71.3,0.0264269,130.845
630,12.6,0.1524,39.6,0.0584113,116.55
630,6.7,0.1016,55.5,0.0052139,133.023
4000,2.7,0.1524,39.6,0.00294804,121.889
10000,7.2,0.1524,39.6,0.00909175,110.868
3150,0.0,0.0254,55.5,0.00041229,130.503
3150,4.0,0.3048,39.6,0.00579636,118.743
1600,15.6,0.1016,71.3,0.0437259,121.528
1600,8.4,0.0508,31.7,0.00580776,129.296
12500,4.8,0.0254,71.3,0.000848633,127.688
5000,7.3,0.2286,39.6,0.0123481,111.959
1000,0.0,0.1016,31.7,0.00150092,131.313
800,15.4,0.0508,39.6,0.0282593,128.423
500,5.4,0.1524,55.5,0.00433288,129.367
5000,0.0,0.3048,71.3,0.00266337,121.301
800,5.4,0.1524,39.6,0.00485029,132.757
4000,19.7,0.0508,39.6,0.036484,108.684
1600,4.0,0.3048,39.6,0.00579636,123.213
630,3.0,0.3048,71.3,0.00425727,129.354
1600,0.0,0.1524,39.6,0.00193287,131.013
10000,0.0,0.1016,31.7,0.00150092,115.893
315,15.6,0.1016,39.6,0.0528487,122.754
200,9.9,0.1524,31.7,0.0252785,127.299
1250,2.0,0.2286,55.5,0.00313525,128.762
500,0.0,0.2286,39.6,0.00253511,126.195
500,5.3,0.2286,39.6,0.00614329,132.251
12500,0.0,0.0508,71.3,0.000740478,125.22
2500,7.2,0.1524,39.6,0.00909175,117.478
6300,9.9,0.1524,55.5,0.0208438,110.555
10000,0.0,0.3048,31.7,0.00331266,108.265
1250,4.8,0.0254,39.6,0.000907475,125.026
630,12.7,0.0254,39.6,0.0130253,128.867
400,17.4,0.0254,31.7,0.0176631,120.766
1250,0.0,0.1524,71.3,0.0015988,128.927
800,0.0,0.2286,39.6,0.00253511,130.205
800,0.0,0.1524,55.5,0.00172668,126.713
4000,0.0,0.0254,55.5,0.00041229,133.223
400,15.4,0.0508,71.3,0.0264269,126.805
200,17.4,0.0254,31.7,0.0176631,116.146
1250,3.3,0.1016,39.6,0.00245138,133.211
800,15.6,0.1016,39.6,0.0528487,118.964
315,17.4,0.0254,31.7,0.0176631,118.416
2000,7.2,0.1524,71.3,0.00752039,128.643
16000,0.0,0.0254,39.6,0.000428464,124.986
20000,0.0,0.2286,71.3,0.00214345,114.474
1000,11.2,0.0508,71.3,0.014072,136.941
500,4.8,0.0254,31.7,0.000930789,116.128
4000,5.3,0.2286,39.6,0.00614329,115.801
1000,6.7,0.1016,31.7,0.00592927,131.636
1600,6.7,0.1016,55.5,0.0052139,133.653
400,15.4,0.0508,31.7,0.0289853,123.705
1000,3.0,0.3048,39.6,0.00495741,128.312
630,9.9,0.1524,71.3,0.0193001,129.889
3150,19.7,0.0508,71.3,0.0341183,116.225
250,12.7,0.0254,71.3,0.0121808,119.698
5000,12.7,0.0254,39.6,0.0130253,125.107
5000,12.6,0.1524,39.6,0.0584113,104.13
10000,0.0,0.1524,55.5,0.00172668,119.253
315,12.3,0.1016,31.7,0.0418756,124.717
250,17.4,0.0254,31.7,0.0176631,116.956
250,9.9,0.1524,39.6,0.0233328,128.335
200,9.9,0.1524,71.3,0.0193001,134.319
400,1.5,0.3048,39.6,0.00392107,124.001
2000,9.5,0.0254,31.7,0.00461377,130.496
1000,8.4,0.0508,31.7,0.00580776,129.516
4000,15.4,0.0508,71.3,0.0264269,122.675
1250,2.0,0.2286,71.3,0.00293031,128.816
1600,8.9,0.1016,71.3,0.0103088,128.763
5000,4.0,0.2286,39.6,0.00473801,117.649
2000,19.7,0.0508,71.3,0.0341183,120.055
1000,9.9,0.1524,39.6,0.0233328,123.835
8000,4.8,0.0254,39.6,0.000907475,131.346
6300,0.0,0.1016,31.7,0.00150092,124.253
200,17.4,0.0254,55.5,0.0165706,109.951
800,6.7,0.1016,31.7,0.00592927,132.886
8000,5.3,0.2286,71.3,0.0051942,114.9
1250,9.5,0.0254,55.5,0.0043284,132.202
2000,1.5,0.3048,71.3,0.00336729,126.642
800,12.3,0.1016,55.5,0.0368233,125.114
10000,0.0,0.3048,39.6,0.00310138,112.139
4000,12.3,0.1016,55.5,0.0368233,114.404
3150,7.3,0.2286,55.5,0.0111706,117.134
200,0.0,0.3048,39.6,0.00310138,118.129
2000,12.7,0.0254,39.6,0.0130253,129.567
2000,0.0,0.0254,55.5,0.00041229,127.623
2500,0.0,0.0254,31.7,0.000439472,132.897
8000,4.8,0.0254,55.5,0.000873218,132.184
1000,0.0,0.3048,55.5,0.00283081,126.966
6300,15.4,0.0508,31.7,0.0289853,108.185
5000,3.3,0.1016,71.3,0.00202822,127.054
1250,12.3,0.1016,55.5,0.0368233,124.214
1600,17.4,0.0254,71.3,0.016104,126.406
250,9.5,0.0254,39.6,0.00449821,116.924
6300,0.0,0.1016,71.3,0.00121072,129.395
8000,4.0,0.3048,71.3,0.00497773,113.665
4000,12.3,0.1016,31.7,0.0418756,108.407
1250,17.4,0.0254,71.3,0.016104,126.356
3150,0.0,0.1016,55.5,0.00131983,131.78
200,11.2,0.0508,71.3,0.014072,125.941
3150,15.4,0.0508,55.5,0.0271925,123.46
1250,0.0,0.1016,39.6,0.00146332,132.271
2500,0.0,0.2286,71.3,0.00214345,128.354
1250,0.0,0.0508,39.6,0.000791822,129.148
2000,4.8,0.0254,71.3,0.000848633,128.398
1000,9.9,0.1524,31.7,0.0252785,122.149
2000,8.9,0.1016,71.3,0.0103088,124.233
10000,0.0,0.0508,39.6,0.000791822,125.998
630,17.4,0.0254,31.7,0.0176631,136.886
800,9.9,0.1524,31.7,0.0252785,125.539
800,4.8,0.0254,39.6,0.000907475,120.766
2500,3.3,0.1016,39.6,0.00245138,130.791
12500,0.0,0.1524,71.3,0.0015988,117.087
1000,0.0,0.0508,39.6,0.000791822,127.638
4000,0.0,0.1016,55.5,0.00131983,129.5
5000,9.9,0.1524,39.6,0.0233328,111.135
800,3.3,0.1016,71.3,0.00202822,131.074
2500,1.5,0.3048,39.6,0.00392107,120.981
800,8.4,0.0508,71.3,0.00529514,127.556
3150,8.4,0.0508,31.7,0.00580776,122.086
315,15.4,0.0508,55.5,0.0271925,125.39
4000,11.2,0.0508,71.3,0.014072,122.471
6300,0.0,0.2286,31.7,0.0027238,116.815
2500,8.9,0.1016,71.3,0.0103088,123.623
5000,0.0,0.0508,55.5,0.00076193,134.556
1600,0.0,0.2286,39.6,0.00253511,127.095
1600,0.0,0.3048,39.6,0.00310138,124.049
500,7.3,0.2286,71.3,0.0104404,136.798
4000,0.0,0.1524,31.7,0.00209405,123.807
6300,0.0,0.3048,71.3,0.00266337,119.541
800,6.7,0.1016,71.3,0.00478288,134.478
2000,7.3,0.2286,39.6,0.0123481,117.809
250,17.4,0.0254,71.3,0.016104,113.796
2500,11.2,0.0508,39.6,0.0150478,122.17
1600,3.3,0.1016,39.6,0.00245138,133.071
1600,7.3,0.2286,39.6,0.0123481,121.059
8000,0.0,0.3048,55.5,0.00283081,116.476
3150,19.7,0.0508,39.6,0.036484,113.004
500,0.0,0.1524,39.6,0.00193287,119.513
1000,7.2,0.1524,71.3,0.00752039,134.273
10000,3.0,0.3048,55.5,0.00452492,112.169
5000,0.0,0.3048,55.5,0.00283081,119.606
1250,0.0,0.3048,39.6,0.00310138,125.499
1600,17.4,0.0254,31.7,0.0176631,126.846
500,12.3,0.1016,55.5,0.0368233,133.774
2000,12.6,0.1524,71.3,0.0483159,117.504
2500,4.0,0.2286,31.7,0.00509068,120.209
1000,12.6,0.1524,39.6,0.0584113,114.67
2500,4.0,0.2286,55.5,0.0042862,122.384
3150,12.7,0.0254,39.6,0.0130253,127.847
630,5.4,0.1524,55.5,0.00433288,131.807
630,0.0,0.3048,55.5,0.00283081,127.696
2500,7.3,0.2286,71.3,0.0104404,122.088
400,5.4,0.1524,71.3,0.00401199,124.121
250,0.0,0.3048,31.7,0.00331266,118.595
3150,4.8,0.0254,31.7,0.000930789,134.268
4000,19.7,0.0508,71.3,0.0341183,113.045
1600,6.7,0.1016,71.3,0.00478288,136.678
4000,4.8,0.0254,55.5,0.000873218,133.924
3150,17.4,0.0254,39.6,0.0172206,123.564
315,19.7,0.0508,71.3,0.0341183,121.235
4000,2.0,0.2286,71.3,0.00293031,124.086
315,15.4,0.0508,71.3,0.0264269,126.195
8000,3.3,0.1016,31.7,0.00251435,117.432
400,7.2,0.1524,39.6,0.00909175,132.118
500,0.0,0.1524,55.5,0.00172668,120.573
8000,0.0,0.1524,71.3,0.0015988,122.527
2000,15.6,0.1016,39.6,0.0528487,110.894
500,15.4,0.0508,55.5,0.0271925,127.22
5000,5.4,0.1524,55.5,0.00433288,118.757
1600,0.0,0.1524,31.7,0.00209405,130.817
5000,0.0,0.0508,71.3,0.000740478,134.43
1250,0.0,0.1524,31.7,0.00209405,131.467
3150,4.2,0.0508,39.6,0.00152689,133.587
2500,7.3,0.2286,39.6,0.0123481,116.559
1000,4.0,0.2286,31.7,0.00509068,129.869
10000,12.7,0.0254,71.3,0.0121808,114.418
1000,9.9,0.1524,71.3,0.0193001,126.349
2000,6.7,0.1016,55.5,0.0052139,129.653
500,8.4,0.0508,31.7,0.00580776,122.966
1000,8.9,0.1016,39.6,0.0124596,129.58
6300,0.0,0.0508,31.7,0.000812164,130.34
400,0.0,0.2286,39.6,0.00253511,123.565
2500,0.0,0.0508,31.7,0.000812164,134.87
3150,5.3,0.2286,71.3,0.0051942,123.12
800,0.0,0.1524,31.7,0.00209405,129.117
500,15.4,0.0508,31.7,0.0289853,123.695
315,12.7,0.0254,39.6,0.0130253,123.537
2500,15.6,0.1016,39.6,0.0528487,110.264
1000,3.3,0.1016,55.5,0.002211,131.129
5000,0.0,0.1016,71.3,0.00121072,130.795
630,12.7,0.0254,71.3,0.0121808,128.878
1250,17.4,0.0254,39.6,0.0172206,131.364
4000,0.0,0.1524,71.3,0.0015988,128.857
1600,8.4,0.0508,55.5,0.00544854,133.032
1600,0.0,0.3048,31.7,0.00331266,122.365
6300,3.0,0.3048,39.6,0.00495741,114.042
315,0.0,0.3048,31.7,0.00331266,122.765
630,7.3,0.2286,71.3,0.0104404,133.768
1600,15.6,0.1016,39.6,0.0528487,114.554
6300,3.3,0.1016,31.7,0.00251435,120.702
6300,0.0,0.3048,31.7,0.00331266,113.775
630,4.0,0.3048,39.6,0.00579636,131.073
1000,3.3,0.1016,71.3,0.00202822,131.434
1000,7.3,0.2286,55.5,0.0111706,125.194
4000,9.5,0.0254,55.5,0.0043284,131.582
5000,4.0,0.3048,39.6,0.00579636,113.733
250,0.0,0.3048,39.6,0.00310138,119.319
10000,0.0,0.0254,71.3,0.000400682,130.787
4000,12.6,0.1524,71.3,0.0483159,108.034
800,22.2,0.0254,39.6,0.0229028,137.076
5000,22.2,0.0254,39.6,0.0229028,118.816
2500,5.3,0.2286,39.6,0.00614329,116.151
500,22.2,0.0254,39.6,0.0229028,129.776
500,6.7,0.1016,55.5,0.0052139,129.343
1600,2.0,0.2286,71.3,0.00293031,127.796
1600,0.0,0.0254,31.7,0.000439472,129.267
1250,8.4,0.0508,55.5,0.00544854,132.252
250,9.9,0.1524,31.7,0.0252785,128.559
3150,0.0,0.0508,71.3,0.000740478,135.07
5000,4.8,0.0254,55.5,0.000873218,135.484
400,3.0,0.3048,55.5,0.00452492,126.159
6300,9.5,0.0254,39.6,0.00449821,120.324
6300,0.0,0.1016,39.6,0.00146332,125.631
3150,0.0,0.2286,39.6,0.00253511,124.625
4000,0.0,0.1524,55.5,0.00172668,127.233
630,12.3,0.1016,31.7,0.0418756,119.287
2000,9.5,0.0254,71.3,0.00420654,134.976
1600,9.5,0.0254,31.7,0.00461377,131.036
4000,1.5,0.3048,39.6,0.00392107,117.741
500,22.2,0.0254,71.3,0.0214178,117.967
800,8.4,0.0508,55.5,0.00544854,128.562
630,6.7,0.1016,31.7,0.00592927,132.116
800,2.7,0.1524,39.6,0.00294804,128.829
10000,4.2,0.0508,71.3,0.00142788,121.238
800,17.4,0.0254,55.5,0.0165706,123.091
1250,0.0,0.2286,31.7,0.0027238,128.805
6300,0.0,0.2286,39.6,0.00253511,117.465
500,12.3,0.1016,71.3,0.0337792,140.158
400,12.7,0.0254,71.3,0.0121808,125.048
400,5.4,0.1524,31.7,0.00525474,127.781
1600,12.7,0.0254,39.6,0.0130253,129.977
8000,0.0,0.1016,55.5,0.00131983,124.45
800,2.0,0.2286,71.3,0.00293031,128.216
4000,5.4,0.1524,31.7,0.00525474,116.181
1250,19.7,0.0508,39.6,0.036484,118.634
10000,1.5,0.3048,71.3,0.00336729,113.492
500,7.3,0.2286,39.6,0.0123481,130.299
800,7.3,0.2286,31.7,0.0132672,123.209
1000,8.4,0.0508,55.5,0.00544854,130.722
8000,12.7,0.0254,71.3,0.0121808,120.538
6300,0.0,0.0508,71.3,0.000740478,133.04
1000,5.4,0.1524,39.6,0.00485029,130.507
2500,0.0,0.1524,31.7,0.00209405,125.867
630,2.7,0.1524,71.3,0.00243851,127.404
315,0.0,0.3048,39.6,0.00310138,122.779
1000,15.4,0.0508,55.5,0.0271925,130.4
2000,0.0,0.0508,31.7,0.000812164,133.01
2000,0.0,0.2286,55.5,0.00229336,126.54
2500,0.0,0.1016,31.7,0.00150092,132.003
1250,11.2,0.0508,39.6,0.0150478,130.05
2500,7.3,0.2286,31.7,0.0132672,114.709
2000,1.5,0.3048,39.6,0.00392107,122.101
4000,7.3,0.2286,31.7,0.0132672,112.639
2500,3.0,0.3048,39.6,0.00495741,120.162
3150,4.0,0.2286,71.3,0.00400603,124.108
315,12.3,0.1016,39.6,0.0408268,129.415
315,4.0,0.3048,71.3,0.00497773,128.175
1250,7.2,0.1524,39.6,0.00909175,122.428
8000,1.5,0.3048,71.3,0.00336729,115.372
6300,7.2,0.1524,39.6,0.00909175,112.688
1600,6.7,0.1016,39.6,0.00578076,127.375
1000,4.0,0.2286,39.6,0.00473801,129.969
3150,0.0,0.3048,31.7,0.00331266,119.135
400,5.3,0.2286,39.6,0.00614329,131.221
1250,3.0,0.3048,71.3,0.00425727,127.634
1250,12.7,0.0254,39.6,0.0130253,130.777
500,4.0,0.3048,39.6,0.00579636,130.173
800,0.0,0.1524,71.3,0.0015988,125.817
500,12.3,0.1016,31.7,0.0418756,118.667
2500,15.4,0.0508,31.7,0.0289853,119.945
250,7.3,0.2286,55.5,0.0111706,136.384
4000,0.0,0.1016,71.3,0.00121072,130.935
5000,9.5,0.0254,39.6,0.00449821,125.044
1600,8.4,0.0508,71.3,0.00529514,133.846
20000,0.0,0.0254,71.3,0.000400682,123.217
200,17.4,0.0254,39.6,0.0172206,114.044
2500,4.8,0.0254,39.6,0.000907475,131.236
1000,2.0,0.2286,71.3,0.00293031,128.956
6300,0.0,0.3048,55.5,0.00283081,117.976
5000,3.0,0.3048,55.5,0.00452492,117.309
10000,4.8,0.0254,71.3,0.000848633,127.398
1600,0.0,0.3048,71.3,0.00266337,127.591
3150,15.4,0.0508,31.7,0.0289853,118.045
400,9.9,0.1524,39.6,0.0233328,128.345
200,15.6,0.1016,71.3,0.0437259,130.898
315,12.7,0.0254,71.3,0.0121808,122.938
1600,3.3,0.1016,71.3,0.00202822,133.664
400,2.0,0.2286,71.3,0.00293031,125.116
630,2.0,0.2286,55.5,0.00313525,126.842
400,4.0,0.2286,31.7,0.00509068,126.149
1000,5.3,0.2286,71.3,0.0051942,134.0
10000,0.0,0.0254,31.7,0.000439472,134.227
500,3.0,0.3048,39.6,0.00495741,127.632
1250,4.0,0.2286,71.3,0.00400603,131.718
3150,4.8,0.0254,39.6,0.000907475,133.436
500,17.4,0.0254,39.6,0.0172206,117.514
12500,4.8,0.0254,55.5,0.000873218,125.094
1600,6.7,0.1016,31.7,0.00592927,124.346
4000,22.2,0.0254,71.3,0.0214178,123.917
630,2.7,0.1524,39.6,0.00294804,125.809
250,12.3,0.1016,71.3,0.0337792,131.568
8000,12.7,0.0254,39.6,0.0130253,120.607
800,4.0,0.2286,55.5,0.0042862,131.864
1000,7.3,0.2286,39.6,0.0123481,122.539
4000,2.0,0.2286,55.5,0.00313525,122.232
1600,0.0,0.0254,39.6,0.000428464,124.156
800,9.5,0.0254,55.5,0.0043284,128.082
315,7.3,0.2286,55.5,0.0111706,136.284
1600,4.0,0.2286,71.3,0.00400603,129.468
6300,0.0,0.0254,55.5,0.00041229,136.103
2000,4.0,0.2286,55.5,0.0042862,124.254
630,0.0,0.1524,31.7,0.00209405,125.997
10000,0.0,0.1524,39.6,0.00193287,115.413
500,9.5,0.0254,55.5,0.0043284,123.082
2000,0.0,0.1524,71.3,0.0015988,128.647
4000,4.2,0.0508,39.6,0.00152689,131.807
1250,8.9,0.1016,39.6,0.0124596,127.71
3150,3.3,0.1016,71.3,0.00202822,132.114
3150,4.8,0.0254,71.3,0.000848633,133.378
500,15.4,0.0508,71.3,0.0264269,127.285
2000,2.0,0.2286,31.7,0.00372371,123.037
1000,2.0,0.2286,39.6,0.00346574,129.147
400,15.4,0.0508,39.6,0.0282593,125.353
8000,0.0,0.2286,71.3,0.00214345,118.024
315,0.0,0.2286,55.5,0.00229336,119.54
315,4.0,0.2286,39.6,0.00473801,122.229
400,9.9,0.1524,31.7,0.0252785,128.939
400,7.3,0.2286,39.6,0.0123481,132.039
4000,4.0,0.2286,31.7,0.00509068,118.859
1600,9.9,0.1524,31.7,0.0252785,117.119
6300,8.9,0.1016,39.6,0.0124596,113.11
4000,0.0,0.2286,71.3,0.00214345,125.824
4000,9.9,0.1524,71.3,0.0193001,115.079
1000,2.0,0.2286,31.7,0.00372371,130.307
1000,9.5,0.0254,71.3,0.00420654,129.556
3150,1.5,0.3048,71.3,0.00336729,123.392
2500,9.5,0.0254,31.7,0.00461377,130.086
1250,6.7,0.1016,71.3,0.00478288,137.658
1600,0.0,0.0508,31.7,0.000812164,131.01
5000,0.0,0.0254,39.6,0.000428464,136.536
800,8.9,0.1016,71.3,0.0103088,137.813
250,17.4,0.0254,55.5,0.0165706,110.491
2000,17.4,0.0254,71.3,0.016104,126.826
1000,2.7,0.1524,39.6,0.00294804,130.589
2000,12.3,0.1016,31.7,0.0418756,110.447
1000,8.9,0.1016,71.3,0.0103088,135.433
630,15.4,0.0508,55.5,0.0271925,129.33
3150,3.3,0.1016,31.7,0.00251435,128.252
1250,8.4,0.0508,31.7,0.00580776,130.156
400,17.4,0.0254,55.5,0.0165706,115.461
5000,4.2,0.0508,39.6,0.00152689,129.777
1600,5.3,0.2286,39.6,0.00614329,123.081
630,9.5,0.0254,71.3,0.00420654,125.726
800,3.3,0.1016,55.5,0.002211,129.119
2500,12.7,0.0254,39.6,0.0130253,129.027
8000,22.2,0.0254,71.3,0.0214178,121.657
2500,0.0,0.1016,71.3,0.00121072,132.595
2500,9.9,0.1524,31.7,0.0252785,114.729
1250,4.0,0.3048,39.6,0.00579636,126.343
4000,7.3,0.2286,55.5,0.0111706,117.284
6300,4.8,0.0254,55.5,0.000873218,135.164
5000,9.5,0.0254,71.3,0.00420654,131.186
5000,0.0,0.0508,39.6,0.000791822,134.308
1000,7.3,0.2286,71.3,0.0104404,126.838
3150,3.0,0.3048,31.7,0.00529514,118.108
3150,11.2,0.0508,71.3,0.014072,127.141
1250,0.0,0.3048,71.3,0.00266337,125.951
400,12.3,0.1016,39.6,0.0408268,128.265
5000,3.0,0.3048,71.3,0.00425727,118.134
400,6.7,0.1016,39.6,0.00578076,128.295
2000,3.0,0.3048,71.3,0.00425727,125.524
1250,0.0,0.1524,39.6,0.00193287,131.023
500,12.6,0.1524,71.3,0.0483159,121.664
400,5.3,0.2286,71.3,0.0051942,127.7
4000,7.3,0.2286,39.6,0.0123481,114.079
630,22.2,0.0254,39.6,0.0229028,137.026
800,1.5,0.3048,39.6,0.00392107,128.831
800,12.3,0.1016,71.3,0.0337792,127.318
3150,6.7,0.1016,71.3,0.00478288,124.458
6300,2.0,0.2286,39.6,0.00346574,116.417
630,0.0,0.1016,31.7,0.00150092,126.413
315,11.2,0.0508,39.6,0.0150478,128.99
630,15.6,0.1016,71.3,0.0437259,122.288
315,12.3,0.1016,55.5,0.0368233,135.674
800,15.6,0.1016,71.3,0.0437259,124.188
500,4.0,0.2286,39.6,0.00473801,127.039
200,15.4,0.0508,39.6,0.0282593,121.783
5000,0.0,0.1524,39.6,0.00193287,123.453
16000,0.0,0.0254,71.3,0.000400682,130.477
800,8.9,0.1016,39.6,0.0124596,130.94
400,12.7,0.0254,39.6,0.0130253,125.527
6300,12.6,0.1524,39.6,0.0584113,103.38
5000,3.3,0.1016,55.5,0.002211,124.839
1250,0.0,0.0254,31.7,0.000439472,127.947
2000,4.0,0.2286,71.3,0.00400603,126.218
12500,0.0,0.3048,39.6,0.00310138,109.619
400,22.2,0.0254,71.3,0.0214178,117.927
5000,4.0,0.3048,71.3,0.00497773,117.785
1250,5.3,0.2286,39.6,0.00614329,125.721
315,15.4,0.0508,31.7,0.0289853,122.845
2000,0.0,0.1524,39.6,0.00193287,129.633
500,5.4,0.1524,31.7,0.00525474,129.681
200,15.4,0.0508,55.5,0.0271925,122.94
5000,8.4,0.0508,55.5,0.00544854,115.812
1600,0.0,0.0508,39.6,0.000791822,130.908
800,15.4,0.0508,55.5,0.0271925,130.43
800,4.8,0.0254,31.7,0.000930789,122.648
5000,9.5,0.0254,55.5,0.0043284,128.412
4000,0.0,0.0508,39.6,0.000791822,135.308
5000,12.7,0.0254,71.3,0.0121808,128.978
1000,4.2,0.0508,39.6,0.00152689,125.647
5000,3.0,0.3048,31.7,0.00529514,113.858
800,17.4,0.0254,71.3,0.016104,124.276
1000,4.0,0.3048,71.3,0.00497773,131.015
5000,0.0,0.0254,55.5,0.00041229,135.803
20000,4.8,0.0254,55.5,0.000873218,121.284
630,11.2,0.0508,71.3,0.014072,133.611
400,19.7,0.0508,39.6,0.036484,130.614
800,0.0,0.1016,31.7,0.00150092,129.053
10000,4.8,0.0254,39.6,0.000907475,126.066
800,4.0,0.3048,39.6,0.00579636,130.723
2500,0.0,0.1016,55.5,0.00131983,133.04
10000,0.0,0.1524,71.3,0.0015988,120.247
3150,5.4,0.1524,39.6,0.00485029,119.137
4000,8.9,0.1016,39.6,0.0124596,116.22
2000,3.3,0.1016,39.6,0.00245138,132.301
6300,0.0,0.1524,71.3,0.0015988,125.427
5000,12.6,0.1524,71.3,0.0483159,108.034
800,5.3,0.2286,71.3,0.0051942,133.48
4000,15.6,0.1016,39.6,0.0528487,106.604
2500,12.6,0.1524,39.6,0.0584113,106.88
10000,0.0,0.1016,55.5,0.00131983,121.93
12500,0.0,0.0508,55.5,0.00076193,125.376
2500,5.4,0.1524,31.7,0.00525474,119.151
1600,3.0,0.3048,31.7,0.00529514,122.088
1000,9.5,0.0254,39.6,0.00449821,130.374
315,12.6,0.1524,71.3,0.0483159,128.484
10000,0.0,0.3048,55.5,0.00283081,113.076
1250,7.3,0.2286,39.6,0.0123481,123.189
800,3.0,0.3048,39.6,0.00495741,129.552
4000,12.3,0.1016,71.3,0.0337792,118.018
1600,9.5,0.0254,55.5,0.0043284,133.062
1600,4.0,0.2286,55.5,0.0042862,128.264
1600,7.3,0.2286,71.3,0.0104404,125.728
800,0.0,0.1016,71.3,0.00121072,126.805
5000,7.2,0.1524,39.6,0.00909175,113.288
400,12.3,0.1016,31.7,0.0418756,123.207
4000,3.0,0.3048,71.3,0.00425727,120.264
1000,0.0,0.2286,39.6,0.00253511,130.435
400,12.6,0.1524,39.6,0.0584113,115.91
4000,17.4,0.0254,55.5,0.0165706,121.771
800,12.3,0.1016,39.6,0.0408268,122.315
800,3.3,0.1016,39.6,0.00245138,129.991
5000,0.0,0.1524,71.3,0.0015988,126.457
630,19.7,0.0508,71.3,0.0341183,128.365
5000,0.0,0.1524,31.7,0.00209405,122.397
1600,1.5,0.3048,39.6,0.00392107,122.211
630,8.9,0.1016,71.3,0.0103088,138.423
16000,4.8,0.0254,71.3,0.000848633,124.208
400,0.0,0.2286,31.7,0.0027238,123.635
630,0.0,0.1524,55.5,0.00172668,123.583
3150,0.0,0.0254,71.3,0.000400682,137.007
500,9.5,0.0254,39.6,0.00449821,123.894
5000,22.2,0.0254,71.3,0.0214178,125.727
2500,0.0,0.2286,55.5,0.00229336,126.54
400,8.4,0.0508,31.7,0.00580776,120.076
6300,9.5,0.0254,71.3,0.00420654,127.246
6300,12.7,0.0254,71.3,0.0121808,125.398
2500,8.4,0.0508,31.7,0.00580776,125.576
12500,0.0,0.2286,71.3,0.00214345,117.624
630,7.2,0.1524,39.6,0.00909175,133.198
630,4.0,0.2286,31.7,0.00509068,130.349
1600,15.4,0.0508,71.3,0.0264269,130.065
2000,0.0,0.0508,39.6,0.000791822,132.918
10000,0.0,0.3048,71.3,0.00266337,115.391
2500,9.5,0.0254,71.3,0.00420654,135.956
800,2.0,0.2286,31.7,0.00372371,130.307
2500,12.6,0.1524,71.3,0.0483159,115.234
3150,4.0,0.3048,71.3,0.00497773,121.775
800,4.0,0.2286,71.3,0.00400603,130.688
6300,2.7,0.1524,39.6,0.00294804,119.209
2000,0.0,0.2286,39.6,0.00253511,125.305
12500,0.0,0.3048,55.5,0.00283081,111.076
1250,0.0,0.0508,55.5,0.00076193,127.076
5000,12.3,0.1016,55.5,0.0368233,112.014
8000,2.0,0.2286,71.3,0.00293031,115.996
8000,7.2,0.1524,71.3,0.00752039,113.333
1000,0.0,0.1016,55.5,0.00131983,129.8
2500,4.0,0.2286,39.6,0.00473801,119.649
1250,2.0,0.2286,39.6,0.00346574,128.257
2000,15.4,0.0508,55.5,0.0271925,127.04
1250,6.7,0.1016,55.5,0.0052139,136.883
3150,9.5,0.0254,71.3,0.00420654,136.166
1000,17.4,0.0254,39.6,0.0172206,138.274
500,5.4,0.1524,39.6,0.00485029,129.937
1250,3.3,0.1016,31.7,0.00251435,134.022
3150,4.8,0.0254,55.5,0.000873218,132.354
2500,5.4,0.1524,39.6,0.00485029,120.497
10000,0.0,0.1016,71.3,0.00121072,123.305
1000,6.7,0.1016,55.5,0.0052139,137.233
800,1.5,0.3048,71.3,0.00336729,127.122
2000,7.2,0.1524,39.6,0.00909175,120.228
630,8.4,0.0508,39.6,0.00566229,126.045
6300,5.4,0.1524,55.5,0.00433288,117.287
1600,12.3,0.1016,31.7,0.0418756,114.477
6300,5.4,0.1524,31.7,0.00525474,115.591
250,17.4,0.0254,39.6,0.0172206,114.714
2000,0.0,0.2286,71.3,0.00214345,128.244
12500,0.0,0.0508,31.7,0.000812164,119.07
10000,12.7,0.0254,39.6,0.0130253,116.017
1250,8.4,0.0508,71.3,0.00529514,132.086
1000,12.7,0.0254,39.6,0.0130253,130.947
16000,0.0,0.1524,55.5,0.00172668,112.803
500,3.0,0.3048,55.5,0.00452492,128.179
3150,15.4,0.0508,39.6,0.0282593,120.513
3150,22.2,0.0254,71.3,0.0214178,124.127
1600,7.2,0.1524,39.6,0.00909175,120.058
200,9.9,0.1524,39.6,0.0233328,127.315
5000,0.0,0.2286,39.6,0.00253511,122.175
2500,22.2,0.0254,39.6,0.0229028,121.306
6300,3.3,0.1016,71.3,0.00202822,124.904
20000,4.0,0.2286,71.3,0.00400603,109.638
5000,8.9,0.1016,39.6,0.0124596,113.08
400,17.4,0.0254,71.3,0.016104,117.396
5000,15.4,0.0508,31.7,0.0289853,112.355
10000,3.3,0.1016,71.3,0.00202822,116.694
2500,2.7,0.1524,71.3,0.00243851,128.334
630,4.0,0.3048,71.3,0.00497773,131.615
4000,9.9,0.1524,39.6,0.0233328,112.265
500,11.2,0.0508,71.3,0.014072,130.311
2000,5.4,0.1524,71.3,0.00401199,131.111
800,11.2,0.0508,39.6,0.0150478,133.79
250,5.3,0.2286,39.6,0.00614329,127.011
1600,12.3,0.1016,55.5,0.0368233,121.824
500,7.2,0.1524,39.6,0.00909175,132.658
1250,9.9,0.1524,71.3,0.0193001,122.679
250,4.0,0.3048,39.6,0.00579636,123.543
1250,12.6,0.1524,39.6,0.0584113,112.16
2500,4.2,0.0508,39.6,0.00152689,133.847
5000,0.0,0.2286,31.7,0.0027238,120.505
1000,0.0,0.1524,71.3,0.0015988,127.307
3150,9.5,0.0254,31.7,0.00461377,128.536
1000,9.5,0.0254,55.5,0.0043284,130.332
3150,9.5,0.0254,39.6,0.00449821,129.934
3150,17.4,0.0254,31.7,0.0176631,123.466
2500,0.0,0.1524,55.5,0.00172668,127.763
4000,4.8,0.0254,39.6,0.000907475,134.996
2500,0.0,0.3048,71.3,0.00266337,125.571
6300,3.0,0.3048,55.5,0.00452492,115.679
4000,0.0,0.0508,71.3,0.000740478,134.43
315,19.7,0.0508,39.6,0.036484,129.864
1600,9.5,0.0254,71.3,0.00420654,133.756
2000,0.0,0.3048,39.6,0.00310138,123.689
16000,4.0,0.2286,71.3,0.00400603,112.768
200,0.0,0.3048,31.7,0.00331266,117.195
6300,9.9,0.1524,39.6,0.0233328,109.885
8000,0.0,0.3048,31.7,0.00331266,110.515
1000,8.4,0.0508,39.6,0.00566229,130.195
1250,22.2,0.0254,71.3,0.0214178,140.987
2500,12.7,0.0254,71.3,0.0121808,134.058
315,15.6,0.1016,71.3,0.0437259,133.808
4000,3.3,0.1016,71.3,0.00202822,128.704
4000,1.5,0.3048,71.3,0.00336729,121.762
500,0.0,0.2286,31.7,0.0027238,126.675
2500,8.4,0.0508,39.6,0.00566229,127.465
8000,0.0,0.0508,31.7,0.000812164,126.59
200,7.3,0.2286,55.5,0.0111706,135.234
16000,4.8,0.0254,55.5,0.000873218,124.394
8000,17.4,0.0254,71.3,0.016104,115.466
6300,4.0,0.2286,71.3,0.00400603,118.618
400,4.0,0.2286,39.6,0.00473801,123.879
630,0.0,0.2286,31.7,0.0027238,129.465
800,12.7,0.0254,39.6,0.0130253,130.217
3150,0.0,0.2286,71.3,0.00214345,127.834
4000,3.0,0.3048,39.6,0.00495741,116.792
8000,0.0,0.0254,55.5,0.00041229,136.163
400,19.7,0.0508,71.3,0.0341183,123.865
1250,3.0,0.3048,39.6,0.00495741,125.802
6300,7.3,0.2286,71.3,0.0104404,115.818
200,8.9,0.1016,71.3,0.0103088,133.503
250,8.9,0.1016,39.6,0.0124596,134.34
1000,2.7,0.1524,71.3,0.00243851,128.774
4000,3.3,0.1016,39.6,0.00245138,124.881
8000,0.0,0.0254,39.6,0.000428464,135.866
630,7.3,0.2286,55.5,0.0111706,130.934
3150,0.0,0.0254,31.7,0.000439472,135.227
1600,0.0,0.2286,55.5,0.00229336,126.79
1600,2.0,0.2286,39.6,0.00346574,125.837
12500,0.0,0.0254,71.3,0.000400682,133.207
4000,9.5,0.0254,39.6,0.00449821,127.864
315,9.5,0.0254,31.7,0.00461377,122.766
3150,8.9,0.1016,71.3,0.0103088,123.263
2000,5.3,0.2286,71.3,0.0051942,125.89
2500,3.3,0.1016,71.3,0.00202822,133.894
2500,5.4,0.1524,55.5,0.00433288,124.077
6300,0.0,0.0254,71.3,0.000400682,134.987
5000,17.4,0.0254,55.5,0.0165706,118.941
1000,17.4,0.0254,71.3,0.016104,125.816
2000,8.4,0.0508,55.5,0.00544854,133.042
2000,3.0,0.3048,39.6,0.00495741,120.532
2000,5.4,0.1524,39.6,0.00485029,124.647
2500,17.4,0.0254,71.3,0.016104,126.746
1600,0.0,0.1016,71.3,0.00121072,131.725
1600,4.0,0.3048,71.3,0.00497773,126.645
800,7.3,0.2286,71.3,0.0104404,130.748
1600,3.0,0.3048,39.6,0.00495741,122.782
800,4.0,0.3048,71.3,0.00497773,131.755
800,8.4,0.0508,39.6,0.00566229,128.435
2500,5.4,0.1524,71.3,0.00401199,127.591
250,15.4,0.0508,31.7,0.0289853,121.225
16000,0.0,0.2286,71.3,0.00214345,114.984
16000,0.0,0.0254,55.5,0.00041229,125.683
8000,3.0,0.3048,55.5,0.00452492,113.799
1600,4.8,0.0254,39.6,0.000907475,125.966
4000,4.8,0.0254,71.3,0.000848633,134.928
2000,12.6,0.1524,39.6,0.0584113,109.52
20000,0.0,0.0254,55.5,0.00041229,121.933
12500,1.5,0.3048,39.6,0.00392107,106.111
3150,0.0,0.0508,31.7,0.000812164,135.49
6300,4.0,0.3048,71.3,0.00497773,116.165
400,11.2,0.0508,71.3,0.014072,129.281
2000,9.5,0.0254,39.6,0.00449821,131.274
800,6.7,0.1016,39.6,0.00578076,134.625
2000,3.3,0.1016,55.5,0.002211,133.649
5000,0.0,0.1016,55.5,0.00131983,128.36
8000,0.0,0.0508,71.3,0.000740478,130.89
1250,12.7,0.0254,71.3,0.0121808,133.048
800,6.7,0.1016,55.5,0.0052139,135.953
3150,8.4,0.0508,71.3,0.00529514,131.966
2000,4.8,0.0254,39.6,0.000907475,128.916
250,7.2,0.1524,39.6,0.00909175,127.488
400,0.0,0.3048,31.7,0.00331266,125.045
1600,22.2,0.0254,39.6,0.0229028,122.216
800,0.0,0.2286,31.7,0.0027238,130.725
8000,5.4,0.1524,55.5,0.00433288,114.927
800,12.6,0.1524,39.6,0.0584113,116.56
3150,17.4,0.0254,55.5,0.0165706,124.101
400,9.5,0.0254,39.6,0.00449821,121.154
4000,4.0,0.2286,39.6,0.00473801,119.159
1250,9.9,0.1524,31.7,0.0252785,118.619
1250,1.5,0.3048,39.6,0.00392107,125.211
3150,5.3,0.2286,39.6,0.00614329,118.441
400,3.0,0.3048,71.3,0.00425727,127.564
2500,3.0,0.3048,31.7,0.00529514,119.598
500,5.3,0.2286,71.3,0.0051942,129.88
1250,2.0,0.2286,31.7,0.00372371,128.677
1000,3.0,0.3048,71.3,0.00425727,129.004
6300,5.3,0.2286,71.3,0.0051942,116.92
315,17.4,0.0254,55.5,0.0165706,111.911
4000,0.0,0.1016,31.7,0.00150092,126.933
4000,9.9,0.1524,55.5,0.0208438,112.945
8000,0.0,0.0254,31.7,0.000439472,137.207
1250,1.5,0.3048,71.3,0.00336729,125.872
4000,9.5,0.0254,31.7,0.00461377,126.736
4000,4.0,0.3048,39.6,0.00579636,115.863
2000,5.3,0.2286,39.6,0.00614329,117.911
4000,4.0,0.3048,71.3,0.00497773,119.535
2500,4.8,0.0254,71.3,0.000848633,130.828
4000,8.4,0.0508,55.5,0.00544854,122.612
1600,3.3,0.1016,55.5,0.002211,133.649
1600,22.2,0.0254,71.3,0.0214178,131.817
10000,5.3,0.2286,71.3,0.0051942,111.35
2000,9.9,0.1524,55.5,0.0208438,119.505
5000,0.0,0.2286,71.3,0.00214345,124.304
800,0.0,0.1016,39.6,0.00146332,128.401
4000,9.5,0.0254,71.3,0.00420654,134.236
4000,3.0,0.3048,31.7,0.00529514,115.608
4000,0.0,0.1016,39.6,0.00146332,127.801
4000,12.7,0.0254,71.3,0.0121808,131.808
3150,15.6,0.1016,39.6,0.0528487,109.254
2500,12.3,0.1016,31.7,0.0418756,110.317
3150,0.0,0.1524,39.6,0.00193287,125.603
3150,15.4,0.0508,71.3,0.0264269,125.715
1600,0.0,0.2286,31.7,0.0027238,125.625
1600,9.9,0.1524,71.3,0.0193001,121.789
3150,8.9,0.1016,39.6,0.0124596,119.35
6300,17.4,0.0254,55.5,0.0165706,114.861
2500,6.7,0.1016,55.5,0.0052139,124.273
500,7.3,0.2286,31.7,0.0132672,128.169
1250,8.4,0.0508,39.6,0.00566229,131.205
4000,17.4,0.0254,31.7,0.0176631,121.996
400,17.4,0.0254,39.6,0.0172206,115.444
1250,15.6,0.1016,39.6,0.0528487,118.214
1000,0.0,0.1016,39.6,0.00146332,130.781
315,0.0,0.2286,39.6,0.00253511,121.055
250,19.7,0.0508,71.3,0.0341183,119.115
1600,0.0,0.1016,55.5,0.00131983,132.05
800,9.9,0.1524,39.6,0.0233328,126.345
200,22.2,0.0254,39.6,0.0229028,116.066
10000,0.0,0.0254,39.6,0.000428464,133.376
2500,0.0,0.2286,39.6,0.00253511,125.025
4000,5.4,0.1524,55.5,0.00433288,119.737
315,9.9,0.1524,39.6,0.0233328,128.595
1250,0.0,0.2286,71.3,0.00214345,128.144
3150,8.4,0.0508,39.6,0.00566229,123.965
1600,4.2,0.0508,71.3,0.00142788,124.318
2500,2.0,0.2286,31.7,0.00372371,121.407
6300,7.3,0.2286,39.6,0.0123481,110.839
3150,8.4,0.0508,55.5,0.00544854,128.402
630,0.0,0.1016,39.6,0.00146332,125.401
400,4.0,0.3048,39.6,0.00579636,128.633
400,4.0,0.3048,71.3,0.00497773,129.575
2000,9.9,0.1524,71.3,0.0193001,120.779
200,17.4,0.0254,71.3,0.016104,112.506
12500,0.0,0.0254,55.5,0.00041229,131.453
500,1.5,0.3048,39.6,0.00392107,126.661
500,8.4,0.0508,55.5,0.00544854,123.742
500,2.0,0.2286,39.6,0.00346574,125.157
800,0.0,0.0508,71.3,0.000740478,130.96
2500,7.3,0.2286,55.5,0.0111706,118.994
1000,0.0,0.2286,31.7,0.0027238,130.595
6300,17.4,0.0254,71.3,0.016104,119.916
315,8.9,0.1016,39.6,0.0124596,135.38
630,9.5,0.0254,31.7,0.00461377,129.006
1600,11.2,0.0508,71.3,0.014072,135.191
8000,2.7,0.1524,39.6,0.00294804,116.659
1000,2.0,0.2286,55.5,0.00313525,129.002
1600,2.0,0.2286,55.5,0.00313525,126.752
10000,2.7,0.1524,39.6,0.00294804,112.589
2000,2.7,0.1524,71.3,0.00243851,130.114
315,5.4,0.1524,31.7,0.00525474,125.741
1600,2.7,0.1524,71.3,0.00243851,130.644
4000,0.0,0.3048,39.6,0.00310138,119.229
3150,3.3,0.1016,55.5,0.002211,130.629
3150,2.7,0.1524,71.3,0.00243851,127.054
3150,12.3,0.1016,39.6,0.0408268,113.055
3150,12.3,0.1016,55.5,0.0368233,116.914
1600,3.0,0.3048,55.5,0.00452492,124.439
1000,5.4,0.1524,31.7,0.00525474,128.241
8000,0.0,0.0254,71.3,0.000400682,129.867
800,12.6,0.1524,71.3,0.0483159,123.054
16000,1.5,0.3048,71.3,0.00336729,106.582
12500,4.2,0.0508,71.3,0.00142788,117.328
500,3.0,0.3048,31.7,0.00529514,127.548
5000,0.0,0.3048,39.6,0.00310138,117.789
200,12.3,0.1016,55.5,0.0368233,132.304
2500,0.0,0.0254,55.5,0.00041229,130.073
500,2.0,0.2286,55.5,0.00313525,124.692
2000,3.3,0.1016,71.3,0.00202822,134.034
2000,4.2,0.0508,71.3,0.00142788,129.848
630,2.0,0.2286,31.7,0.00372371,129.057
5000,0.0,0.1524,55.5,0.00172668,125.203
1250,12.3,0.1016,31.7,0.0418756,118.767
500,0.0,0.2286,55.5,0.00229336,123.78
4000,2.0,0.2286,39.6,0.00346574,120.227
500,4.8,0.0254,39.6,0.000907475,116.366
1000,0.0,0.0254,31.7,0.000439472,125.127
8000,0.0,0.1016,39.6,0.00146332,122.341
630,0.0,0.1524,39.6,0.00193287,124.403
10000,0.0,0.0508,31.7,0.000812164,122.45
800,7.2,0.1524,39.6,0.00909175,132.358
500,17.4,0.0254,55.5,0.0165706,119.621
800,22.2,0.0254,71.3,0.0214178,123.227
2000,0.0,0.0508,55.5,0.00076193,131.456
1000,0.0,0.0508,31.7,0.000812164,126.78
10000,0.0,0.0254,55.5,0.00041229,134.563
12500,0.0,0.0508,39.6,0.000791822,123.988
5000,15.6,0.1016,39.6,0.0528487,106.224
5000,5.4,0.1524,71.3,0.00401199,120.061
4000,12.7,0.0254,39.6,0.0130253,126.537
12500,0.0,0.0254,39.6,0.000428464,129.116
800,17.4,0.0254,39.6,0.0172206,135.324
400,12.3,0.1016,55.5,0.0368233,136.414
400,7.3,0.2286,71.3,0.0104404,139.438
1000,0.0,0.1016,71.3,0.00121072,128.825
800,15.4,0.0508,31.7,0.0289853,125.555
3150,0.0,0.1016,71.3,0.00121072,131.955
315,2.0,0.2286,39.6,0.00346574,120.137
2000,0.0,0.1524,55.5,0.00172668,129.673
315,8.9,0.1016,71.3,0.0103088,136.583
